data/wc2.1_10m_elev_1970-2000.asc
ncols        271
nrows        234
xllcorner    -74.000000000000
yllcorner    -33.666666666667
cellsize     0.166666666667
NODATA_value -99999
[rows 70 to 104 of 234, columns 160 to 239 of 271]
214 260 296 394 298 289 357 306 389 420 395 381 380 347 347 409 364 269 354 358 300 417 319 265 287 239 169 175 226 317 287 307 274 357 448 396 426 557 637 641 492 432 421 367 395 443 329 255 247 239 202 259 588 460 329 349 335 270 213 160 167 178 255 260 396 422 592 396 284 298 144 92 84 38 31 -99999 -99999 -99999 -99999 -99999
203 256 348 416 347 327 410 323 451 453 474 505 487 459 424 375 359 283 350 323 300 282 321 318 251 238 157 174 175 224 348 347 355 440 496 501 426 562 691 746 615 528 507 481 383 343 300 300 312 269 246 347 346 329 330 340 367 252 192 204 196 202 217 257 408 544 555 492 489 431 221 127 128 74 32 -99999 -99999 -99999 -99999 -99999
237 279 345 386 385 399 400 432 523 532 479 441 416 356 323 325 360 379 304 213 202 195 180 192 161 154 169 204 172 179 236 282 352 463 505 467 437 551 618 642 597 614 578 439 401 424 402 344 363 285 263 286 294 260 242 247 237 211 258 234 223 255 266 354 381 570 580 497 427 435 350 146 103 88 26 -99999 -99999 -99999 -99999 -99999
264 309 313 328 387 421 473 456 366 368 329 385 421 362 315 349 361 307 237 247 241 213 202 177 204 194 220 221 190 210 191 214 333 448 516 376 322 441 435 447 482 601 548 453 442 583 429 450 427 326 308 355 332 310 313 264 231 255 277 261 256 293 386 596 533 588 600 549 512 515 289 91 83 83 41 6 -99999 -99999 -99999 -99999
301 317 334 342 413 485 445 440 477 346 270 250 257 232 264 237 289 277 254 313 287 240 202 207 224 208 224 210 197 209 246 236 234 325 353 247 364 398 401 425 507 587 606 565 589 593 516 500 470 372 341 393 424 408 421 288 267 312 328 306 271 378 578 596 567 549 554 607 644 438 176 115 95 77 32 24 -99999 -99999 -99999 -99999
280 305 388 438 465 419 385 320 342 300 259 245 274 261 301 289 263 318 340 391 330 254 214 242 244 229 244 226 202 228 233 244 234 252 241 298 336 362 404 502 648 703 753 740 852 789 906 640 402 405 406 484 637 610 455 320 313 304 456 604 668 659 593 524 511 495 498 503 512 349 211 128 74 97 52 33 -99999 -99999 -99999 -99999
215 254 288 322 351 347 317 270 273 266 277 310 309 325 297 285 325 363 395 382 342 250 225 307 298 267 300 266 212 267 276 266 247 279 290 268 353 314 377 619 756 819 824 838 864 800 904 868 794 625 383 409 589 525 342 327 407 554 730 740 671 645 612 540 485 469 451 435 399 289 186 203 125 110 50 33 -99999 -99999 -99999 -99999
210 234 267 278 324 337 342 273 295 322 354 337 333 339 365 313 371 381 447 415 317 285 254 348 358 289 336 283 215 223 244 280 257 299 317 290 281 305 394 603 724 697 722 654 805 523 569 808 795 528 439 542 481 421 445 520 629 722 632 588 599 623 594 550 513 459 431 404 371 362 389 336 121 67 38 20 -99999 -99999 -99999 -99999
231 255 261 270 307 417 382 345 315 394 379 347 414 399 379 349 388 440 479 418 336 239 310 398 376 358 351 281 230 263 239 275 297 254 296 350 325 358 425 555 667 540 546 509 521 494 463 511 546 499 526 564 634 589 695 799 648 579 567 575 633 623 562 516 490 489 512 493 450 441 371 191 111 107 41 9 -99999 -99999 -99999 -99999
243 282 313 311 311 417 364 413 344 427 295 399 416 439 413 407 414 467 476 450 351 254 396 423 381 412 386 268 267 288 272 264 317 334 285 315 336 361 398 458 584 521 481 457 445 448 439 455 472 504 540 522 517 482 554 595 522 594 660 648 682 616 572 552 580 531 484 521 406 356 257 158 129 106 54 7 -99999 -99999 -99999 -99999
266 326 331 377 389 395 389 495 388 442 295 420 504 470 468 422 482 456 544 431 322 265 386 446 410 408 309 271 249 294 299 292 337 381 351 325 350 396 433 540 679 549 469 432 427 415 422 412 433 465 541 499 449 438 508 535 567 635 549 544 607 642 604 733 763 609 529 453 427 401 273 229 193 106 24 -99999 -99999 -99999 -99999 -99999
291 316 345 439 422 434 374 512 413 352 350 448 546 496 400 450 538 490 545 470 366 283 402 437 452 395 320 324 296 261 280 346 346 422 391 369 393 408 460 585 575 540 509 445 401 389 424 397 421 472 548 571 428 414 482 501 511 524 488 519 592 712 789 911 762 813 602 629 587 597 545 429 219 85 17 -99999 -99999 -99999 -99999 -99999
305 311 370 502 476 479 432 546 440 318 424 507 515 442 434 375 473 583 526 457 315 321 469 480 469 415 340 408 346 316 281 342 377 374 401 419 475 501 557 533 503 461 444 475 411 375 386 373 368 397 447 513 386 396 452 431 471 477 473 549 636 730 785 731 700 647 595 601 515 576 500 219 137 56 15 -99999 -99999 -99999 -99999 -99999
318 330 419 523 479 409 470 534 427 324 423 377 483 446 391 496 526 579 492 357 317 404 509 516 505 421 466 490 452 376 398 307 329 371 479 480 482 527 520 480 460 472 437 423 406 377 356 347 335 351 365 363 341 367 388 491 578 511 442 613 810 674 529 727 748 645 584 543 447 373 237 135 91 30 -99999 -99999 -99999 -99999 -99999 -99999
346 359 452 483 438 460 493 445 351 393 478 417 464 515 437 504 600 461 371 327 347 498 573 556 550 494 552 544 556 482 370 307 341 400 486 607 538 504 469 454 434 463 446 423 381 361 384 386 335 322 317 322 324 344 394 537 553 434 456 676 637 485 491 753 830 738 657 683 549 270 157 113 82 35 -99999 -99999 -99999 -99999 -99999 -99999
321 363 499 455 504 509 451 395 352 430 472 468 557 466 426 574 466 395 300 425 399 487 602 597 598 596 594 496 412 342 314 342 395 477 552 542 476 454 466 434 409 411 397 428 368 407 445 392 351 337 384 361 318 349 401 451 453 445 540 557 464 421 467 744 811 756 624 504 489 288 139 93 70 24 -99999 -99999 -99999 -99999 -99999 -99999
296 368 492 489 535 487 473 390 347 465 526 565 492 455 501 545 479 366 335 454 531 450 600 667 622 561 465 409 374 365 385 412 406 514 547 535 469 427 433 464 418 397 371 372 369 420 446 400 374 358 436 444 443 345 390 466 380 490 407 388 392 474 431 617 664 586 478 276 396 193 112 48 32 -99999 -99999 -99999 -99999 -99999 -99999 -99999
284 322 390 504 481 439 433 486 362 405 524 577 483 606 635 595 429 330 391 527 629 548 584 629 517 481 450 427 390 414 476 459 488 518 489 458 439 414 404 438 421 395 381 407 389 446 493 414 412 390 431 484 473 368 283 332 420 356 288 349 382 362 366 499 555 583 386 208 229 149 66 36 19 -99999 -99999 -99999 -99999 -99999 -99999 -99999
300 304 318 446 504 463 441 391 419 427 506 553 626 603 563 497 343 364 482 561 627 623 572 529 562 538 473 414 441 486 460 446 462 487 509 462 415 391 394 387 381 378 386 457 406 441 486 431 447 433 422 487 450 395 268 246 258 272 280 320 296 268 268 302 368 420 293 144 128 108 43 22 -99999 -99999 -99999 -99999 -99999 -99999 -99999 -99999
317 334 362 398 494 471 417 391 454 386 380 483 475 415 393 360 345 449 537 635 632 557 486 511 490 481 475 474 492 456 426 403 466 408 415 414 397 489 470 401 408 412 408 428 435 457 478 480 515 488 458 553 565 444 324 258 204 189 196 242 222 188 196 249 253 275 225 122 73 57 31 -99999 -99999 -99999 -99999 -99999 -99999 -99999 -99999 -99999
309 313 374 494 537 457 434 460 462 418 390 427 451 422 399 402 373 501 616 574 515 483 467 467 447 437 435 452 488 440 402 393 417 390 393 421 463 507 460 544 461 448 436 440 442 472 503 453 456 469 415 608 656 558 369 307 274 203 133 110 117 169 229 275 224 192 143 98 51 20 -99999 -99999 -99999 -99999 -99999 -99999 -99999 -99999 -99999 -99999
301 315 353 382 479 599 518 482 473 439 430 442 453 436 461 436 366 402 430 424 442 485 500 469 441 426 416 420 425 420 391 445 511 576 541 678 694 750 673 586 547 597 489 447 467 514 492 459 421 410 402 448 532 556 390 347 344 253 248 172 106 91 157 191 180 153 112 67 47 -99999 -99999 -99999 -99999 -99999 -99999 -99999 -99999 -99999 -99999 -99999
295 294 346 397 494 570 559 590 456 483 559 532 566 485 427 413 416 400 380 411 442 529 515 510 475 445 428 412 402 401 442 475 608 564 463 561 854 876 700 524 638 773 594 488 490 484 533 530 454 473 466 604 477 387 298 293 310 290 223 188 158 149 73 100 81 99 67 38 -99999 -99999 -99999 -99999 -99999 -99999 -99999 -99999 -99999 -99999 -99999 -99999
312 350 357 427 424 549 679 778 688 735 791 600 616 568 452 372 400 447 452 521 527 568 539 564 523 490 461 434 411 397 400 404 412 429 696 930 941 861 600 535 662 800 789 517 472 418 461 563 530 498 540 673 592 469 314 249 248 308 258 219 214 175 70 37 51 42 40 -99999 -99999 -99999 -99999 -99999 -99999 -99999 -99999 -99999 -99999 -99999 -99999 -99999
336 421 422 418 511 548 665 741 776 778 794 768 541 473 409 399 434 509 500 581 640 626 575 601 516 499 494 463 414 406 404 411 418 508 897 1034 890 659 543 545 688 817 703 474 456 382 419 444 458 479 483 519 505 463 347 247 212 273 263 208 188 150 115 124 20 6 7 -99999 -99999 -99999 -99999 -99999 -99999 -99999 -99999 -99999 -99999 -99999 -99999 -99999
381 400 487 438 574 543 653 712 748 749 764 756 553 446 417 463 571 651 635 607 614 606 542 627 558 493 471 452 468 455 413 419 431 488 834 900 864 657 542 654 785 755 539 432 419 375 385 410 416 396 364 413 372 398 327 320 305 205 206 216 146 103 54 48 9 7 -99999 -99999 -99999 -99999 -99999 -99999 -99999 -99999 -99999 -99999 -99999 -99999 -99999 -99999
365 394 486 492 523 674 665 663 674 755 692 736 629 508 484 587 611 591 559 536 623 536 484 558 527 507 448 421 475 447 425 433 458 466 675 790 752 637 556 664 737 627 430 398 386 368 341 389 336 337 292 416 276 315 263 341 363 230 175 199 84 29 24 30 -99999 -99999 -99999 -99999 -99999 -99999 -99999 -99999 -99999 -99999 -99999 -99999 -99999 -99999 -99999 -99999
407 437 479 575 551 641 765 744 726 668 610 654 639 551 556 562 494 486 478 517 577 538 469 498 430 427 406 415 514 467 445 478 517 581 558 677 693 578 582 674 790 607 419 375 338 322 301 283 291 294 234 341 289 227 249 276 415 211 153 106 60 15 8 -99999 -99999 -99999 -99999 -99999 -99999 -99999 -99999 -99999 -99999 -99999 -99999 -99999 -99999 -99999 -99999 -99999
442 468 536 648 627 823 797 713 693 709 607 556 561 552 534 503 485 458 445 448 528 471 433 480 411 405 419 499 773 594 492 645 664 738 713 685 875 627 640 766 632 594 454 395 344 326 324 317 323 266 186 210 203 190 309 219 228 190 112 87 28 12 -99999 -99999 -99999 -99999 -99999 -99999 -99999 -99999 -99999 -99999 -99999 -99999 -99999 -99999 -99999 -99999 -99999 -99999
546 514 553 662 792 763 707 751 775 725 704 639 701 598 615 532 495 451 438 432 465 434 452 435 436 410 416 673 962 682 652 597 706 792 818 762 946 787 740 810 578 542 419 389 370 358 346 355 341 280 239 402 270 169 201 203 192 158 99 40 17 -99999 -99999 -99999 -99999 -99999 -99999 -99999 -99999 -99999 -99999 -99999 -99999 -99999 -99999 -99999 -99999 -99999 -99999 -99999
398 463 527 597 794 839 822 801 786 773 750 751 737 744 584 484 452 434 429 426 422 461 497 436 419 419 432 757 1037 857 642 774 737 807 800 764 1032 919 866 750 658 549 436 416 379 310 311 358 338 334 289 387 272 203 181 159 147 132 90 18 7 -99999 -99999 -99999 -99999 -99999 -99999 -99999 -99999 -99999 -99999 -99999 -99999 -99999 -99999 -99999 -99999 -99999 -99999 -99999
403 424 526 605 676 755 818 819 801 793 770 718 693 631 515 460 443 434 431 425 426 519 465 427 419 430 549 896 1084 1030 707 745 780 763 734 804 1048 962 795 619 590 517 442 416 372 332 270 282 362 363 306 328 291 250 212 156 139 104 50 11 -99999 -99999 -99999 -99999 -99999 -99999 -99999 -99999 -99999 -99999 -99999 -99999 -99999 -99999 -99999 -99999 -99999 -99999 -99999 -99999
365 379 459 607 646 685 844 813 797 779 758 707 574 685 616 462 441 435 431 433 441 490 485 426 428 441 505 705 834 983 914 767 747 764 782 877 945 916 824 727 586 533 473 393 336 305 266 242 262 282 286 289 263 207 205 170 122 76 32 13 -99999 -99999 -99999 -99999 -99999 -99999 -99999 -99999 -99999 -99999 -99999 -99999 -99999 -99999 -99999 -99999 -99999 -99999 -99999 -99999
350 362 423 468 549 600 810 809 783 765 749 702 675 581 546 456 453 450 451 477 478 489 553 513 447 448 498 863 884 1033 1099 916 867 822 834 997 965 791 723 670 566 480 388 363 290 321 265 226 220 243 246 315 313 227 169 136 102 78 28 -99999 -99999 -99999 -99999 -99999 -99999 -99999 -99999 -99999 -99999 -99999 -99999 -99999 -99999 -99999 -99999 -99999 -99999 -99999 -99999 -99999
349 389 407 406 479 694 858 829 785 756 741 737 713 627 512 628 695 628 657 742 594 548 464 519 451 621 531 684 824 957 1223 1035 999 839 829 970 829 605 696 606 510 416 346 299 268 335 264 253 227 208 229 247 233 202 152 122 103 46 18 -99999 -99999 -99999 -99999 -99999 -99999 -99999 -99999 -99999 -99999 -99999 -99999 -99999 -99999 -99999 -99999 -99999 -99999 -99999 -99999 -99999
