data/wc2.1_10m_elev_1970-2000.asc
ncols        271
nrows        234
xllcorner    -74.000000000000
yllcorner    -33.666666666667
cellsize     0.166666666667
NODATA_value -99999
[rows 35 to 69 of 234, columns 160 to 239 of 271]
12 -99999 -99999 -99999 -99999 -99999 -99999 -99999 -99999 -99999 -99999 -99999 -99999 -99999 -99999 -99999 -99999 -99999 -99999 -99999 -99999 -99999 -99999 -99999 -99999 -99999 -99999 -99999 -99999 -99999 -99999 -99999 -99999 -99999 -99999 -99999 -99999 -99999 -99999 -99999 -99999 -99999 -99999 -99999 -99999 -99999 -99999 -99999 -99999 -99999 -99999 -99999 -99999 -99999 -99999 -99999 -99999 -99999 -99999 -99999 -99999 -99999 -99999 -99999 -99999 -99999 -99999 -99999 -99999 -99999 -99999 -99999 -99999 -99999 -99999 -99999 -99999 -99999 -99999 -99999
22 12 11 9 12 -99999 -99999 -99999 -99999 -99999 -99999 -99999 -99999 -99999 -99999 -99999 -99999 -99999 -99999 -99999 -99999 -99999 -99999 -99999 -99999 -99999 -99999 -99999 -99999 -99999 -99999 -99999 -99999 -99999 -99999 -99999 -99999 -99999 -99999 -99999 -99999 -99999 -99999 -99999 -99999 -99999 -99999 -99999 -99999 -99999 -99999 -99999 -99999 -99999 -99999 -99999 -99999 -99999 -99999 -99999 -99999 -99999 -99999 -99999 -99999 -99999 -99999 -99999 -99999 -99999 -99999 -99999 -99999 -99999 -99999 -99999 -99999 -99999 -99999 -99999
32 21 10 10 11 10 10 2 -99999 -99999 -99999 -99999 -99999 -99999 -99999 -99999 -99999 -99999 -99999 -99999 -99999 -99999 -99999 -99999 -99999 -99999 -99999 -99999 -99999 -99999 -99999 -99999 -99999 -99999 -99999 -99999 -99999 -99999 -99999 -99999 -99999 -99999 -99999 -99999 -99999 -99999 -99999 -99999 -99999 -99999 -99999 -99999 -99999 -99999 -99999 -99999 -99999 -99999 -99999 -99999 -99999 -99999 -99999 -99999 -99999 -99999 -99999 -99999 -99999 -99999 -99999 -99999 -99999 -99999 -99999 -99999 -99999 -99999 -99999 -99999
32 23 28 27 21 17 13 13 10 6 8 -99999 -99999 -99999 -99999 -99999 -99999 -99999 -99999 -99999 -99999 -99999 -99999 -99999 -99999 -99999 -99999 -99999 -99999 -99999 -99999 -99999 -99999 -99999 -99999 -99999 -99999 -99999 -99999 -99999 -99999 -99999 -99999 -99999 -99999 -99999 -99999 -99999 -99999 -99999 -99999 -99999 -99999 -99999 -99999 -99999 -99999 -99999 -99999 -99999 -99999 -99999 -99999 -99999 -99999 -99999 -99999 -99999 -99999 -99999 -99999 -99999 -99999 -99999 -99999 -99999 -99999 -99999 -99999 -99999
36 44 40 44 50 40 24 18 13 12 9 7 5 5 6 -99999 -99999 -99999 -99999 -99999 -99999 -99999 -99999 -99999 -99999 -99999 -99999 -99999 -99999 -99999 -99999 -99999 -99999 -99999 -99999 -99999 -99999 -99999 -99999 -99999 -99999 -99999 -99999 -99999 -99999 -99999 -99999 -99999 -99999 -99999 -99999 -99999 -99999 -99999 -99999 -99999 -99999 -99999 -99999 -99999 -99999 -99999 -99999 -99999 -99999 -99999 -99999 -99999 -99999 -99999 -99999 -99999 -99999 -99999 -99999 -99999 -99999 -99999 -99999 -99999
64 66 48 59 37 23 26 24 37 17 11 8 8 5 7 5 -99999 -99999 -99999 -99999 -99999 -99999 -99999 -99999 -99999 -99999 -99999 -99999 -99999 -99999 -99999 -99999 -99999 -99999 -99999 -99999 -99999 -99999 -99999 -99999 -99999 -99999 -99999 -99999 -99999 -99999 -99999 -99999 -99999 -99999 -99999 -99999 -99999 -99999 -99999 -99999 -99999 -99999 -99999 -99999 -99999 -99999 -99999 -99999 -99999 -99999 -99999 -99999 -99999 -99999 -99999 -99999 -99999 -99999 -99999 -99999 -99999 -99999 -99999 -99999
44 55 56 52 35 36 36 33 43 32 32 20 14 18 9 8 7 -99999 -99999 -99999 -99999 -99999 -99999 -99999 -99999 -99999 -99999 -99999 -99999 -99999 -99999 -99999 -99999 -99999 -99999 -99999 -99999 -99999 -99999 -99999 -99999 -99999 -99999 -99999 -99999 -99999 -99999 -99999 -99999 -99999 -99999 -99999 -99999 -99999 -99999 -99999 -99999 -99999 -99999 -99999 -99999 -99999 -99999 -99999 -99999 -99999 -99999 -99999 -99999 -99999 -99999 -99999 -99999 -99999 -99999 -99999 -99999 -99999 -99999 -99999
55 77 58 56 31 36 24 43 41 55 51 24 14 25 24 13 9 -99999 -99999 -99999 -99999 -99999 -99999 -99999 -99999 -99999 -99999 -99999 -99999 -99999 -99999 -99999 -99999 -99999 -99999 -99999 -99999 -99999 -99999 -99999 -99999 -99999 -99999 -99999 -99999 -99999 -99999 -99999 -99999 -99999 -99999 -99999 -99999 -99999 -99999 -99999 -99999 -99999 -99999 -99999 -99999 -99999 -99999 -99999 -99999 -99999 -99999 -99999 -99999 -99999 -99999 -99999 -99999 -99999 -99999 -99999 -99999 -99999 -99999 -99999
52 55 72 62 56 48 27 40 47 55 64 35 15 20 34 26 20 8 -99999 -99999 -99999 -99999 -99999 -99999 -99999 -99999 -99999 -99999 -99999 -99999 -99999 -99999 -99999 -99999 -99999 -99999 -99999 -99999 -99999 -99999 -99999 -99999 -99999 -99999 -99999 -99999 -99999 -99999 -99999 -99999 -99999 -99999 -99999 -99999 -99999 -99999 -99999 -99999 -99999 -99999 -99999 -99999 -99999 -99999 -99999 -99999 -99999 -99999 -99999 -99999 -99999 -99999 -99999 -99999 -99999 -99999 -99999 -99999 -99999 -99999
65 72 82 72 78 73 37 49 45 60 44 27 12 31 38 36 21 17 -99999 -99999 -99999 -99999 -99999 -99999 -99999 -99999 -99999 -99999 -99999 -99999 -99999 -99999 -99999 -99999 -99999 -99999 -99999 -99999 -99999 -99999 -99999 -99999 -99999 -99999 -99999 -99999 -99999 -99999 -99999 -99999 -99999 -99999 -99999 -99999 -99999 -99999 -99999 -99999 -99999 -99999 -99999 -99999 -99999 -99999 -99999 -99999 -99999 -99999 -99999 -99999 -99999 -99999 -99999 -99999 -99999 -99999 -99999 -99999 -99999 -99999
71 93 94 88 81 57 50 55 49 50 39 17 16 47 35 18 21 28 -99999 -99999 -99999 6 6 -99999 -99999 -99999 -99999 -99999 -99999 -99999 -99999 -99999 -99999 -99999 -99999 -99999 -99999 -99999 -99999 -99999 -99999 -99999 -99999 -99999 -99999 -99999 -99999 -99999 -99999 -99999 -99999 -99999 -99999 -99999 -99999 -99999 -99999 -99999 -99999 -99999 -99999 -99999 -99999 -99999 -99999 -99999 -99999 -99999 -99999 -99999 -99999 -99999 -99999 -99999 -99999 -99999 -99999 -99999 -99999 -99999
94 113 94 82 74 62 80 58 50 27 17 15 22 15 10 17 22 13 20 14 4 5 5 7 5 7 5 -99999 -99999 -99999 -99999 -99999 -99999 -99999 -99999 -99999 -99999 -99999 -99999 -99999 -99999 -99999 -99999 -99999 -99999 -99999 -99999 -99999 -99999 -99999 -99999 -99999 -99999 -99999 -99999 -99999 -99999 -99999 -99999 -99999 -99999 -99999 -99999 -99999 -99999 -99999 -99999 -99999 -99999 -99999 -99999 -99999 -99999 -99999 -99999 -99999 -99999 -99999 -99999 -99999
122 126 117 89 74 74 109 89 58 41 27 24 38 14 22 12 9 2 26 25 19 19 14 14 15 22 22 9 2 -99999 -99999 -99999 -99999 -99999 -99999 -99999 -99999 -99999 -99999 -99999 -99999 -99999 -99999 -99999 -99999 -99999 -99999 -99999 -99999 -99999 -99999 -99999 -99999 -99999 -99999 -99999 -99999 -99999 -99999 -99999 -99999 -99999 -99999 -99999 -99999 -99999 -99999 -99999 -99999 -99999 -99999 -99999 -99999 -99999 -99999 -99999 -99999 -99999 -99999 -99999
116 128 123 75 81 93 92 103 70 50 35 31 35 21 19 5 3 6 17 27 50 47 43 43 46 46 26 13 7 16 8 5 5 5 -99999 -99999 -99999 -99999 -99999 -99999 12 12 10 8 -99999 -99999 -99999 -99999 -99999 -99999 -99999 -99999 -99999 -99999 -99999 -99999 -99999 -99999 -99999 -99999 -99999 -99999 -99999 -99999 -99999 -99999 -99999 -99999 -99999 -99999 -99999 -99999 -99999 -99999 -99999 -99999 -99999 -99999 -99999 -99999
122 120 108 81 86 93 108 97 64 37 32 39 30 34 19 7 6 5 21 39 62 69 71 74 74 60 44 52 50 51 46 32 11 11 17 9 9 15 17 17 21 27 25 20 18 12 -99999 -99999 -99999 -99999 -99999 -99999 -99999 -99999 -99999 -99999 -99999 -99999 -99999 -99999 -99999 -99999 -99999 -99999 -99999 -99999 -99999 -99999 -99999 -99999 -99999 -99999 -99999 -99999 -99999 -99999 -99999 -99999 -99999 -99999
140 143 142 87 89 112 102 76 59 44 47 41 35 24 8 5 4 8 25 42 62 85 89 81 86 63 79 81 82 71 63 51 25 40 38 28 27 40 47 40 44 54 53 43 36 25 24 21 -99999 -99999 -99999 -99999 -99999 -99999 -99999 -99999 -99999 -99999 -99999 -99999 -99999 -99999 -99999 -99999 -99999 -99999 -99999 -99999 -99999 -99999 -99999 -99999 -99999 -99999 -99999 -99999 -99999 -99999 -99999 -99999
159 146 112 86 103 118 90 79 67 55 34 21 16 9 7 6 8 25 29 39 69 77 85 76 86 80 93 94 94 85 60 41 25 70 86 81 137 107 61 60 70 73 108 71 52 44 36 29 26 4 -99999 -99999 -99999 -99999 -99999 -99999 -99999 -99999 -99999 -99999 -99999 -99999 -99999 -99999 -99999 -99999 -99999 -99999 -99999 -99999 -99999 -99999 -99999 -99999 -99999 -99999 -99999 -99999 -99999 -99999
103 102 91 111 142 114 95 79 55 42 40 27 15 11 9 8 19 32 40 52 35 56 73 78 92 95 95 81 71 45 42 54 36 91 137 299 353 203 156 78 139 124 84 80 55 62 80 58 51 27 26 -99999 -99999 -99999 -99999 -99999 -99999 -99999 -99999 -99999 -99999 -99999 -99999 -99999 -99999 -99999 -99999 -99999 -99999 -99999 -99999 -99999 -99999 -99999 -99999 -99999 -99999 -99999 -99999 -99999
127 105 120 148 153 98 75 58 43 32 29 19 15 18 14 10 37 32 49 67 42 49 61 83 80 86 92 83 54 61 46 61 40 110 137 251 586 501 252 113 350 455 72 96 100 280 467 115 56 43 29 27 -99999 -99999 -99999 -99999 -99999 -99999 -99999 -99999 -99999 -99999 -99999 -99999 -99999 -99999 -99999 -99999 -99999 -99999 -99999 -99999 -99999 -99999 -99999 -99999 -99999 -99999 -99999 -99999
133 115 149 211 169 147 98 65 49 39 27 28 24 18 11 10 29 42 39 55 61 62 62 70 91 101 102 63 74 86 91 75 43 87 127 162 448 725 535 158 182 147 100 143 172 243 292 114 63 66 55 76 24 20 -99999 -99999 -99999 -99999 -99999 -99999 -99999 -99999 -99999 -99999 -99999 -99999 -99999 -99999 -99999 -99999 -99999 -99999 -99999 -99999 -99999 -99999 -99999 -99999 -99999 -99999
166 139 199 245 230 198 100 112 83 43 46 39 31 24 14 14 19 46 45 56 71 64 91 85 87 112 90 53 85 104 83 68 59 87 115 138 301 711 781 188 141 112 142 163 183 221 177 124 88 95 100 149 87 27 29 -99999 -99999 -99999 -99999 -99999 -99999 -99999 -99999 -99999 -99999 -99999 -99999 -99999 -99999 -99999 -99999 -99999 -99999 -99999 -99999 -99999 -99999 -99999 -99999 -99999
156 197 257 222 202 137 138 161 86 59 63 51 41 25 25 19 24 49 55 64 86 92 82 104 90 97 55 75 96 104 90 134 106 155 100 132 195 626 859 449 184 134 154 205 272 334 195 147 118 135 295 175 83 53 31 17 -99999 -99999 -99999 -99999 -99999 -99999 -99999 -99999 -99999 -99999 -99999 -99999 -99999 -99999 -99999 -99999 -99999 -99999 -99999 -99999 -99999 -99999 -99999 -99999
213 262 243 214 155 176 239 179 132 98 92 51 51 35 29 28 45 58 69 75 73 102 87 90 103 93 66 83 108 102 95 120 150 195 189 161 227 626 750 704 189 168 190 211 263 358 221 192 150 275 604 246 102 62 45 31 23 -99999 -99999 -99999 -99999 -99999 -99999 -99999 -99999 -99999 -99999 -99999 -99999 -99999 -99999 -99999 -99999 -99999 -99999 -99999 -99999 -99999 -99999 -99999
260 225 184 171 189 196 256 257 185 167 167 90 61 54 38 47 51 78 89 109 68 79 93 103 119 103 70 92 112 105 109 128 147 212 392 538 411 568 641 480 197 200 228 260 291 482 502 279 214 405 280 112 90 73 56 36 20 20 -99999 -99999 -99999 -99999 -99999 -99999 -99999 -99999 -99999 -99999 -99999 -99999 -99999 -99999 -99999 -99999 -99999 -99999 -99999 -99999 -99999 -99999
272 243 195 241 237 213 298 263 180 229 251 135 91 90 60 68 51 84 108 82 81 83 77 99 124 128 87 82 122 106 118 124 158 249 362 399 404 432 674 417 240 269 320 333 389 568 519 371 235 189 161 127 110 75 88 57 42 18 33 49 -99999 -99999 -99999 -99999 -99999 -99999 -99999 -99999 -99999 -99999 -99999 -99999 -99999 -99999 -99999 -99999 -99999 -99999 -99999 -99999
293 250 220 306 242 252 349 257 218 304 234 154 179 161 95 93 64 108 111 109 98 114 87 89 117 116 90 109 131 122 121 127 184 273 323 297 348 407 708 350 305 294 436 695 586 439 364 368 303 206 158 135 110 113 75 48 36 24 50 47 19 -99999 -99999 -99999 -99999 -99999 -99999 -99999 -99999 -99999 -99999 -99999 -99999 -99999 -99999 -99999 -99999 -99999 -99999 -99999
309 286 233 285 251 317 334 237 265 246 171 199 228 199 123 93 80 130 128 115 124 128 101 111 126 118 93 109 157 157 147 141 170 248 251 244 284 398 595 304 319 339 460 544 493 376 313 288 298 270 185 187 159 105 76 63 29 55 52 42 22 30 95 -99999 -99999 -99999 -99999 -99999 -99999 -99999 -99999 -99999 -99999 -99999 -99999 -99999 -99999 -99999 -99999 -99999
325 279 225 259 303 348 286 259 235 175 190 244 252 183 132 122 93 156 140 128 150 134 119 111 132 175 112 98 169 174 181 181 203 221 206 244 287 371 414 279 307 344 412 524 440 310 275 258 308 244 165 150 111 85 71 51 106 119 106 81 15 119 124 6 5 17 5 17 17 19 15 13 -99999 -99999 -99999 -99999 -99999 -99999 -99999 -99999
346 283 230 272 321 312 283 251 180 207 247 281 227 150 164 124 125 141 157 138 141 128 150 147 156 194 138 97 120 128 152 205 183 189 255 344 387 538 550 316 307 334 377 446 457 386 312 245 213 184 162 122 113 90 62 71 142 126 93 41 43 174 79 14 27 46 42 56 93 90 52 20 -99999 -99999 -99999 -99999 -99999 -99999 -99999 -99999
233 289 233 276 308 253 241 160 186 221 208 206 178 153 162 148 173 182 175 156 137 172 162 179 201 173 103 140 117 127 153 171 150 192 247 362 394 598 643 351 325 334 363 529 578 582 339 238 198 181 172 157 135 100 79 105 143 107 70 63 72 114 47 46 64 87 152 177 190 164 98 36 19 -99999 -99999 -99999 -99999 -99999 -99999 -99999
208 280 243 258 243 205 168 186 221 220 223 176 157 169 182 175 193 215 189 190 162 168 170 192 224 125 146 213 166 119 135 126 167 209 291 409 426 594 638 367 355 353 445 541 476 466 285 225 238 211 170 134 106 121 108 172 129 88 74 97 76 96 51 66 113 119 189 183 153 115 67 44 24 -99999 -99999 -99999 -99999 -99999 -99999 -99999
206 266 291 260 205 212 220 217 221 216 199 205 185 220 218 218 243 273 246 182 182 191 172 200 206 127 187 265 252 176 154 130 172 222 322 372 443 631 717 441 403 424 457 579 494 312 267 262 251 194 174 138 131 248 139 196 157 86 123 147 96 99 78 90 134 187 252 231 196 113 89 59 29 -99999 -99999 -99999 -99999 -99999 -99999 -99999
176 210 286 321 270 282 257 260 272 263 253 242 229 222 240 267 253 279 228 215 254 192 194 242 205 140 204 287 226 188 218 146 189 245 286 292 427 550 708 542 500 467 437 491 537 344 381 315 267 240 196 164 171 340 183 195 178 161 165 142 150 210 90 115 172 376 372 249 173 109 94 71 48 35 -99999 -99999 -99999 -99999 -99999 -99999
176 195 236 293 301 271 248 276 319 311 274 279 280 286 280 231 251 231 223 303 242 254 248 277 179 167 165 230 223 238 254 178 190 314 406 333 459 588 725 594 497 447 431 495 504 408 401 333 285 260 258 173 322 484 219 332 415 215 221 165 240 186 206 462 544 569 413 310 228 155 125 89 56 33 -99999 -99999 -99999 -99999 -99999 -99999
193 208 225 273 291 255 288 299 351 316 324 375 346 361 297 301 363 288 335 339 273 340 360 271 196 222 182 160 276 299 248 199 213 267 324 320 461 578 736 609 489 448 395 417 477 427 328 276 235 217 231 176 542 496 279 251 349 355 201 165 136 191 338 316 390 409 494 299 224 174 120 96 72 36 -99999 -99999 -99999 -99999 -99999 -99999
