data/wc2.1_10m_elev_1970-2000.asc
ncols        271
nrows        234
xllcorner    -74.000000000000
yllcorner    -33.666666666667
cellsize     0.166666666667
NODATA_value -99999
[rows 35 to 69 of 234, columns 80 to 159 of 271]
84 86 132 205 218 152 168 196 138 156 212 145 124 154 201 134 131 131 114 145 160 142 99 112 144 177 177 247 268 330 307 312 390 434 489 454 368 416 417 373 274 190 154 194 236 499 414 238 114 141 102 48 48 16 15 16 17 13 15 9 13 13 15 19 21 18 11 6 4 3 5 5 7 2 -99999 0 14 12 12 13
71 74 86 179 186 135 173 179 126 98 139 178 107 125 159 159 133 115 113 97 131 127 90 131 117 117 143 184 250 311 297 294 337 426 434 418 357 332 333 409 222 190 178 280 346 293 178 147 77 101 89 55 23 11 14 16 14 17 16 17 17 13 19 18 21 20 16 9 6 4 5 5 9 1 0 12 19 20 21 20
68 76 88 176 167 170 135 129 143 130 108 165 148 101 118 140 234 206 133 172 102 83 117 178 125 152 141 117 198 298 330 293 301 306 346 388 385 268 319 445 481 464 436 331 230 167 105 68 85 64 100 40 18 8 15 18 14 17 17 19 23 20 18 18 20 22 19 10 7 6 5 5 8 0 11 21 31 28 28 25
75 67 82 108 147 107 105 125 122 158 122 116 121 163 146 109 149 197 199 148 93 71 94 94 99 88 104 106 121 211 303 231 235 256 290 355 296 270 332 379 626 466 314 198 109 56 80 133 80 37 43 32 18 10 13 14 15 19 18 14 15 20 20 21 22 25 22 13 8 6 5 12 2 7 15 34 38 30 41 31
66 66 78 68 90 88 86 159 130 116 86 84 86 126 169 113 135 131 138 105 60 51 33 30 33 42 37 38 42 67 103 162 163 188 334 374 358 283 432 419 315 216 213 172 108 41 30 125 114 47 17 8 11 16 14 13 19 23 16 18 20 21 20 20 22 24 24 15 8 4 10 6 2 12 26 37 40 45 41 37
67 74 84 49 67 56 83 168 148 91 66 121 140 150 181 122 65 72 96 129 117 115 63 47 37 40 62 47 27 52 65 80 75 88 140 247 417 304 346 201 113 91 124 108 131 72 77 37 41 18 6 7 11 16 21 27 24 22 17 18 20 23 24 23 23 22 19 11 9 8 9 2 9 13 22 26 26 40 43 47
73 83 90 61 52 50 74 85 109 135 103 107 97 107 143 130 111 85 76 90 103 130 127 132 119 102 66 51 40 81 110 81 45 44 48 86 132 90 110 155 160 108 60 66 136 59 36 13 4 4 4 14 15 34 38 39 19 26 25 19 16 23 18 21 21 16 13 10 11 5 5 15 20 21 31 24 19 26 26 29
63 74 129 122 75 59 49 67 146 186 175 143 71 83 101 126 143 125 95 72 62 61 101 108 119 98 47 51 23 65 83 65 72 27 23 44 48 46 93 118 72 29 26 18 8 4 3 3 4 4 8 29 40 46 45 24 13 23 25 17 14 17 11 8 10 10 8 10 4 6 11 20 27 23 29 40 36 31 39 30
61 92 123 155 156 136 92 83 141 121 117 123 108 64 58 91 111 110 108 108 83 54 40 53 63 48 9 4 4 4 18 25 43 8 5 13 37 30 53 63 4 3 3 5 5 7 18 26 31 39 6 37 45 51 44 17 28 23 18 10 15 9 11 18 15 12 15 12 4 15 15 22 33 37 29 39 43 33 49 37
81 114 125 113 120 138 135 79 72 91 85 85 102 101 65 64 107 103 83 73 71 62 69 35 34 9 5 5 7 4 3 2 4 3 3 4 6 37 27 11 3 6 14 20 26 51 69 51 58 44 14 38 49 47 36 26 35 29 23 21 24 21 23 25 21 12 12 9 10 18 18 26 39 36 35 40 47 35 42 65
73 87 99 112 105 90 112 95 63 42 40 40 40 45 60 45 78 102 92 69 68 78 52 16 5 5 21 60 62 15 14 7 18 11 10 2 6 13 2 6 16 68 64 74 84 108 86 68 66 49 40 21 51 49 44 29 40 27 31 31 28 32 28 29 23 19 17 7 15 23 21 29 35 46 41 40 51 42 51 74
66 75 77 99 117 105 80 101 110 100 93 86 90 52 25 42 51 56 26 25 46 33 12 6 5 28 38 87 93 101 83 66 34 15 17 24 5 3 14 21 63 102 113 134 106 117 95 82 67 62 58 18 48 55 56 48 36 43 31 45 42 37 35 29 27 22 18 15 20 28 30 33 45 43 43 42 57 45 58 90
55 71 69 98 112 90 96 75 98 110 117 107 87 93 68 30 14 11 10 8 7 8 8 7 24 55 107 99 86 68 52 48 44 7 91 124 77 56 133 74 163 160 140 155 135 130 100 109 102 98 83 51 36 64 66 59 55 48 46 42 42 46 43 31 33 29 20 23 30 29 35 38 47 48 48 53 61 53 54 92
30 55 71 76 100 87 77 80 55 80 93 72 82 85 61 42 13 12 9 10 11 10 10 22 62 84 90 96 107 65 72 114 72 9 160 110 123 129 95 147 109 167 161 148 142 141 108 128 123 123 113 61 31 81 65 59 68 64 61 64 55 45 57 43 33 24 35 31 42 37 43 54 55 53 53 65 57 70 76 103
16 47 64 60 78 81 65 72 69 42 71 73 50 36 7 13 16 12 18 35 31 27 39 29 50 85 84 84 85 73 85 138 82 43 140 91 91 93 134 190 152 166 189 174 177 152 112 124 140 139 91 52 27 81 90 70 74 67 71 78 75 63 54 60 38 23 47 47 54 47 50 62 64 63 68 74 67 65 96 114
42 20 41 31 43 23 34 35 41 43 36 52 34 18 12 20 17 15 26 33 29 40 40 59 49 75 83 74 76 88 113 167 46 81 128 112 107 114 175 190 161 147 161 180 184 162 105 148 126 156 121 102 74 50 90 91 90 76 71 87 82 76 64 76 52 19 47 65 65 55 62 69 74 74 82 69 74 85 115 125
37 26 32 27 15 18 18 16 12 12 23 19 13 7 19 37 21 22 37 40 37 40 51 54 48 79 85 78 74 83 107 131 20 127 144 130 138 116 172 175 174 193 142 147 211 152 113 146 166 170 137 116 147 84 63 86 75 73 67 90 91 88 72 80 72 29 26 77 74 64 71 79 80 74 78 73 116 117 123 159
20 25 19 24 26 34 37 34 26 16 13 13 14 17 23 28 18 24 36 44 46 51 46 58 65 61 76 96 97 108 137 82 32 152 142 155 157 135 183 185 197 196 150 120 192 151 149 201 221 185 125 144 114 93 107 112 81 85 88 100 95 94 92 81 89 69 33 82 85 66 78 85 96 107 112 112 112 146 163 154
28 33 30 28 31 40 34 24 22 24 19 24 35 38 31 29 32 40 36 49 51 62 61 75 90 88 89 119 114 121 135 64 77 165 161 155 153 135 196 213 229 261 139 114 205 239 240 248 174 134 136 139 112 109 115 138 103 107 109 97 96 114 99 91 93 90 53 79 84 88 82 112 127 140 148 148 145 154 181 161
30 28 32 41 38 32 26 30 33 22 29 38 37 31 36 40 34 45 46 44 51 62 82 88 106 96 99 133 135 140 97 47 109 198 190 193 165 126 191 233 243 168 130 161 197 207 191 196 151 170 158 151 141 140 127 167 133 140 133 111 97 103 105 105 114 120 67 75 105 95 91 105 113 134 130 130 136 157 154 130
41 37 40 42 35 33 36 39 27 24 28 31 36 37 44 44 37 49 56 58 70 78 95 108 106 115 111 143 161 126 38 73 81 174 147 140 128 150 135 239 261 173 151 182 176 163 159 165 161 215 190 180 181 151 146 134 138 165 163 118 117 106 114 113 105 107 82 88 82 117 98 138 134 123 140 143 142 166 178 174
41 39 40 40 37 41 45 34 36 33 34 32 44 43 46 48 48 68 53 75 85 78 94 117 120 134 135 85 63 36 49 73 77 138 151 180 210 314 259 333 337 210 198 172 176 189 179 186 168 183 212 218 177 165 168 144 156 224 193 139 138 121 117 121 101 85 82 107 85 108 110 113 149 165 180 189 170 202 219 160
40 38 34 39 39 40 40 33 36 42 38 44 46 47 46 57 65 80 61 86 95 83 91 120 126 75 77 40 32 69 114 111 204 244 267 254 285 352 344 306 284 201 182 162 180 190 193 169 174 186 203 211 246 216 192 150 158 202 186 157 147 138 124 130 106 82 75 101 101 93 126 148 143 156 222 240 184 250 214 169
34 38 39 35 36 33 38 46 37 46 48 52 44 49 48 61 92 77 63 94 102 89 105 112 114 83 49 67 72 153 212 238 217 317 315 318 231 251 234 196 186 173 173 176 193 213 200 174 187 202 208 245 226 247 219 166 162 190 209 167 155 144 153 128 114 104 86 89 102 110 141 171 176 173 174 226 252 274 206 184
42 39 41 41 31 44 44 46 40 54 52 61 60 68 61 96 92 72 85 79 119 125 123 123 120 103 77 132 91 169 249 292 225 276 311 263 219 197 190 178 187 185 186 194 191 227 203 177 187 212 208 240 224 188 173 164 177 214 235 185 175 182 179 150 139 112 96 82 87 125 173 196 211 214 192 252 296 284 239 201
41 44 45 43 32 46 50 50 39 54 61 66 85 85 72 99 85 96 99 102 153 161 132 89 80 73 106 191 164 172 301 272 246 216 213 216 235 226 197 186 214 189 181 196 271 272 193 182 214 207 226 261 248 217 191 175 162 197 238 192 189 190 183 186 166 147 132 90 99 116 178 227 266 281 206 232 281 317 308 222
45 46 37 38 42 47 51 52 42 76 75 87 92 72 93 98 106 124 121 107 194 164 112 125 117 90 144 141 194 223 250 249 239 223 201 217 212 261 230 204 197 197 185 193 220 209 183 191 211 213 234 255 254 231 198 163 180 186 211 208 211 216 200 176 167 146 138 98 112 122 161 171 217 251 260 286 298 321 307 237
46 35 45 49 46 50 50 45 59 79 87 93 82 76 112 105 133 157 129 105 214 184 127 109 131 116 113 122 187 203 220 219 220 246 228 225 209 227 256 236 200 195 202 192 205 195 180 203 219 224 220 239 209 194 182 173 202 213 236 241 233 201 171 163 155 151 154 128 111 130 150 145 154 148 165 191 240 286 313 294
36 42 50 50 49 47 48 53 77 74 95 83 84 102 128 125 126 161 140 126 197 122 110 127 155 129 149 117 164 203 258 241 225 250 242 232 211 213 256 234 209 200 232 207 214 199 168 201 213 223 230 237 211 196 191 174 192 203 215 233 230 203 174 161 150 161 146 124 91 96 113 115 110 112 120 117 133 160 190 260
53 46 54 52 49 48 52 58 78 89 96 80 105 124 140 144 129 171 193 175 157 105 123 150 179 160 121 110 114 224 246 274 259 252 248 256 236 211 232 238 212 216 234 265 221 217 201 189 200 204 211 230 223 225 215 185 196 212 237 218 194 200 180 171 170 168 157 153 121 109 121 112 110 120 133 138 139 133 133 165
55 51 54 54 53 63 53 72 82 102 101 94 114 131 167 172 142 180 195 148 127 110 166 132 164 222 157 158 168 199 235 231 249 277 289 269 231 230 220 269 272 238 232 229 216 205 222 211 213 233 224 261 233 202 197 192 208 213 243 225 209 189 186 175 163 153 145 142 120 125 130 149 155 154 127 134 174 193 170 143
53 58 49 56 61 74 53 64 75 98 114 109 122 150 194 170 168 178 123 108 133 137 153 165 145 171 163 180 231 203 246 286 250 274 271 250 238 234 222 231 256 298 291 242 251 230 287 221 194 279 289 322 281 241 237 210 252 312 315 272 324 259 196 193 196 162 208 169 126 128 147 171 189 171 129 160 188 252 189 158
56 59 49 55 77 85 74 80 88 92 118 123 131 166 200 175 185 160 116 132 162 131 136 175 178 165 183 222 210 198 269 302 282 275 243 241 227 236 224 240 230 280 315 263 295 262 230 229 199 207 313 356 300 285 299 315 315 311 367 352 363 311 263 251 212 260 277 169 130 137 141 183 205 184 126 176 195 254 204 148
61 61 51 60 79 95 87 79 102 85 131 126 152 165 196 175 187 143 129 134 181 213 187 196 185 190 206 286 264 248 325 303 309 288 248 246 239 246 242 226 242 251 303 291 287 241 273 255 201 213 248 291 291 245 281 332 344 349 286 277 482 551 558 428 258 274 225 157 148 159 148 177 238 175 135 185 226 256 207 156
65 61 66 63 72 105 106 106 100 90 133 143 185 128 122 129 127 106 122 138 166 237 283 236 260 230 185 225 235 225 288 327 281 278 274 253 237 241 251 225 255 294 254 250 295 266 259 266 217 211 279 283 280 250 261 284 349 355 262 243 322 587 466 401 301 275 225 156 166 180 160 189 235 206 154 199 225 281 258 179
