data/wc2.1_10m_elev_1970-2000.asc
ncols        271
nrows        234
xllcorner    -74.000000000000
yllcorner    -33.666666666667
cellsize     0.166666666667
NODATA_value -99999
[rows 140 to 174 of 234, columns 80 to 159 of 271]
-99999 -99999 -99999 -99999 -99999 -99999 -99999 -99999 -99999 -99999 -99999 -99999 -99999 -99999 -99999 -99999 -99999 -99999 170 103 96 100 105 111 117 122 129 135 141 148 155 162 168 173 190 350 303 302 332 299 335 393 405 495 803 864 839 784 741 642 620 758 806 711 682 675 686 729 774 746 627 560 467 477 555 642 632 640 676 765 635 639 624 713 691 759 841 796 810 777
-99999 -99999 -99999 -99999 -99999 -99999 -99999 -99999 -99999 -99999 -99999 -99999 -99999 -99999 -99999 -99999 -99999 -99999 157 116 95 100 105 110 115 121 129 136 141 148 157 163 172 180 229 382 291 316 374 363 371 413 465 558 794 835 829 811 744 654 633 633 773 693 654 615 608 645 690 732 683 612 490 465 550 623 513 648 571 638 591 576 596 641 624 735 777 766 710 781
-99999 -99999 -99999 -99999 -99999 -99999 -99999 -99999 -99999 -99999 -99999 -99999 -99999 -99999 -99999 -99999 -99999 -99999 131 100 95 100 104 110 116 121 126 132 139 146 155 165 175 185 241 289 263 339 384 376 355 364 418 627 727 729 820 826 801 714 683 659 617 621 574 587 564 603 604 542 556 552 510 436 493 549 483 578 520 518 593 621 569 632 634 630 673 668 730 812
-99999 -99999 -99999 -99999 -99999 -99999 -99999 -99999 -99999 -99999 -99999 -99999 -99999 -99999 -99999 -99999 -99999 210 111 91 93 100 104 108 113 117 122 130 138 147 155 165 173 187 360 283 268 321 324 357 381 398 419 533 612 710 816 822 804 769 740 696 641 611 541 527 553 525 576 575 573 478 432 423 440 452 468 473 502 620 796 858 668 744 883 786 775 736 772 809
-99999 -99999 -99999 -99999 -99999 -99999 -99999 -99999 -99999 -99999 -99999 -99999 -99999 -99999 -99999 -99999 -99999 98 90 91 92 97 100 104 108 113 121 128 136 145 151 159 165 182 437 323 310 331 363 402 438 489 562 607 646 719 781 804 795 706 651 680 627 555 516 531 484 500 574 580 485 441 444 443 459 514 584 579 619 725 755 798 811 764 729 855 973 906 910 888
-99999 -99999 -99999 -99999 -99999 -99999 -99999 -99999 -99999 -99999 -99999 -99999 -99999 -99999 -99999 -99999 -99999 93 89 93 90 93 97 100 106 113 120 127 135 141 145 151 154 270 488 410 444 349 364 408 465 545 586 628 573 635 701 714 703 650 608 581 581 605 517 471 496 448 435 472 465 427 486 516 501 512 558 604 638 665 714 761 805 831 869 807 896 980 975 992
-99999 -99999 -99999 -99999 -99999 -99999 -99999 -99999 -99999 -99999 -99999 -99999 -99999 -99999 -99999 -99999 166 169 163 114 87 90 94 99 105 111 118 125 129 134 139 142 146 316 477 527 574 373 328 369 439 542 549 626 626 587 607 631 606 542 562 553 568 539 487 476 442 418 421 413 408 449 469 510 530 532 540 614 657 676 685 704 753 800 865 907 831 899 915 866
-99999 -99999 -99999 -99999 -99999 -99999 -99999 -99999 -99999 -99999 -99999 -99999 -99999 -99999 -99999 -99999 171 100 333 108 85 88 94 98 103 108 115 121 124 128 132 139 151 322 358 652 689 541 363 371 522 556 529 589 652 653 546 524 557 481 498 548 639 602 525 457 419 403 383 393 419 427 448 503 560 588 571 561 595 639 677 708 728 767 835 940 939 957 943 960
-99999 -99999 -99999 -99999 -99999 -99999 -99999 -99999 -99999 -99999 -99999 -99999 -99999 -99999 -99999 89 101 87 108 116 86 90 93 97 102 106 111 116 120 123 127 134 241 301 259 550 653 585 396 392 523 589 516 561 573 560 575 517 455 439 479 498 537 623 492 471 431 397 357 390 454 437 460 483 524 568 612 582 583 608 627 675 732 765 776 837 962 969 949 1038
-99999 -99999 -99999 -99999 -99999 -99999 -99999 -99999 -99999 -99999 -99999 -99999 -99999 -99999 -99999 83 82 82 84 86 88 90 93 96 100 104 109 112 114 119 121 131 408 339 374 423 565 667 569 490 586 597 531 516 520 510 488 430 401 404 413 450 523 609 482 435 419 386 367 406 442 475 483 483 503 508 512 528 564 600 665 685 715 754 764 790 879 958 1006 1004
-99999 -99999 -99999 -99999 -99999 -99999 -99999 -99999 -99999 -99999 -99999 -99999 -99999 -99999 -99999 80 83 84 85 86 89 94 96 97 100 106 111 115 116 122 125 229 380 375 380 360 366 552 631 585 584 558 504 470 482 454 473 443 427 407 402 439 508 510 478 446 411 374 411 427 415 403 448 424 454 476 482 521 582 583 631 612 637 655 655 721 773 817 897 1012
-99999 -99999 -99999 -99999 -99999 -99999 -99999 -99999 -99999 -99999 -99999 -99999 -99999 -99999 -99999 81 82 85 83 86 101 186 159 105 103 119 118 121 123 133 152 301 294 395 316 329 374 548 610 563 514 581 515 456 413 443 440 465 455 424 381 404 431 481 449 434 427 383 366 363 392 429 410 396 416 424 433 447 472 527 577 536 539 545 600 616 620 625 691 812
-99999 -99999 -99999 -99999 -99999 -99999 -99999 -99999 -99999 -99999 -99999 -99999 -99999 -99999 -99999 82 81 81 82 86 129 311 373 129 110 128 143 130 131 148 220 232 323 308 281 312 404 593 582 553 499 503 503 438 391 401 408 453 429 416 379 371 421 423 399 399 386 367 369 398 422 457 461 431 429 442 503 479 458 505 511 501 481 510 511 530 523 633 634 682
-99999 -99999 -99999 -99999 -99999 -99999 -99999 -99999 -99999 -99999 -99999 -99999 -99999 -99999 -99999 82 81 81 83 84 99 160 374 199 124 123 184 162 139 212 287 234 259 306 289 382 631 638 576 526 493 448 499 475 440 368 407 440 435 391 373 341 378 406 375 366 358 334 370 412 458 471 489 453 469 470 463 478 451 474 472 511 488 493 524 525 570 685 870 927
-99999 -99999 -99999 -99999 -99999 -99999 -99999 -99999 -99999 -99999 -99999 -99999 -99999 -99999 -99999 84 81 82 82 85 102 156 365 185 161 131 206 216 159 198 357 233 248 271 340 465 621 589 529 493 464 412 451 460 409 381 353 406 403 407 379 344 352 380 353 325 351 365 383 393 406 400 425 467 495 490 478 510 480 496 466 518 513 489 539 576 563 662 853 920
-99999 -99999 -99999 -99999 -99999 -99999 -99999 -99999 -99999 -99999 -99999 -99999 -99999 -99999 -99999 86 80 81 86 99 135 167 352 310 218 155 167 194 191 198 235 253 261 267 336 495 544 575 526 520 459 412 399 448 450 436 397 354 381 366 402 369 337 349 314 345 364 354 370 381 397 421 449 443 453 500 508 492 510 500 507 523 557 506 515 624 675 657 795 917
-99999 -99999 -99999 -99999 -99999 -99999 -99999 -99999 -99999 -99999 -99999 -99999 -99999 -99999 -99999 -99999 80 83 101 127 149 198 396 460 326 295 228 177 211 221 293 286 274 284 341 482 495 551 547 505 483 448 397 383 424 429 400 374 338 342 369 369 349 340 315 350 354 343 352 376 396 417 429 455 485 488 530 521 532 503 524 538 575 539 507 557 666 756 741 752
-99999 -99999 -99999 -99999 -99999 -99999 -99999 -99999 -99999 -99999 -99999 -99999 -99999 -99999 -99999 -99999 81 83 94 123 180 182 370 610 487 306 235 191 216 267 275 359 372 366 478 499 451 499 486 467 430 447 404 366 372 412 431 400 369 343 333 346 367 308 300 360 392 390 359 345 357 386 397 417 445 468 489 509 530 513 516 534 575 576 532 522 568 703 841 843
-99999 -99999 -99999 -99999 -99999 -99999 -99999 -99999 -99999 -99999 -99999 -99999 -99999 -99999 -99999 -99999 82 87 105 147 288 209 344 603 483 284 220 236 226 272 374 440 556 491 441 460 514 443 452 440 430 410 421 400 363 371 406 415 388 362 345 312 325 274 314 353 395 406 392 392 362 362 375 394 415 433 442 452 454 517 548 544 559 607 548 532 556 584 635 727
-99999 -99999 -99999 -99999 -99999 -99999 -99999 -99999 -99999 -99999 -99999 -99999 -99999 -99999 -99999 -99999 81 91 109 132 189 226 382 557 387 299 235 292 282 283 520 519 477 468 413 388 479 477 414 429 394 392 396 391 384 338 378 407 361 369 359 346 275 334 322 322 342 376 408 415 411 403 397 377 389 399 419 440 461 493 539 561 596 621 585 552 638 644 599 634
-99999 -99999 -99999 -99999 -99999 -99999 -99999 -99999 -99999 -99999 -99999 -99999 -99999 -99999 -99999 -99999 87 89 109 157 343 313 398 472 344 295 250 278 313 372 508 495 415 411 393 353 376 420 416 386 400 376 371 379 381 337 360 388 366 330 359 318 279 337 368 358 345 348 365 408 437 441 420 413 415 407 404 418 448 477 492 506 547 604 606 556 598 646 661 638
-99999 -99999 -99999 -99999 -99999 -99999 -99999 -99999 -99999 -99999 -99999 -99999 -99999 -99999 -99999 -99999 82 91 163 183 379 308 344 449 368 309 306 289 324 466 561 494 432 362 373 368 327 320 353 374 355 357 354 349 339 331 349 360 355 348 310 264 290 314 350 377 390 396 385 382 402 428 446 455 442 437 435 423 414 454 477 510 544 588 637 576 556 627 680 738
-99999 -99999 -99999 -99999 -99999 -99999 -99999 -99999 -99999 -99999 -99999 -99999 -99999 -99999 -99999 -99999 80 89 151 196 277 257 411 385 275 280 346 325 409 575 568 485 436 386 332 351 338 338 321 313 318 333 352 363 390 393 365 335 331 323 267 293 343 356 338 340 347 396 428 436 405 409 410 433 451 466 447 469 432 427 467 492 530 583 641 656 621 605 631 691
-99999 -99999 -99999 -99999 -99999 -99999 -99999 -99999 -99999 -99999 -99999 -99999 -99999 -99999 -99999 -99999 78 85 151 189 188 276 324 296 244 254 290 398 542 654 575 449 387 374 354 314 301 296 315 308 300 299 333 368 380 395 403 392 373 302 282 328 362 395 392 378 370 368 395 443 463 461 459 457 473 480 485 482 459 477 451 467 481 527 557 696 775 747 683 598
-99999 -99999 -99999 -99999 -99999 -99999 -99999 -99999 -99999 -99999 -99999 -99999 -99999 -99999 -99999 83 81 91 131 142 175 213 266 221 222 222 305 384 607 608 518 471 428 435 384 363 327 319 298 366 362 308 307 382 362 373 374 351 319 271 336 369 366 365 391 420 406 437 439 438 433 458 491 502 487 521 519 525 480 515 476 483 509 536 608 657 776 846 774 652
-99999 -99999 -99999 -99999 -99999 -99999 -99999 -99999 -99999 -99999 -99999 -99999 -99999 -99999 -99999 -99999 -99999 -99999 146 140 133 157 186 187 195 241 306 346 607 621 558 450 404 387 414 398 366 324 329 387 361 333 283 337 341 332 307 276 283 339 384 379 397 373 407 441 448 482 482 500 505 473 452 476 558 607 615 524 511 547 520 487 548 655 594 698 762 751 657 676
-99999 -99999 -99999 -99999 -99999 -99999 -99999 -99999 -99999 -99999 -99999 -99999 -99999 -99999 -99999 -99999 -99999 -99999 -99999 -99999 -99999 -99999 -99999 -99999 -99999 -99999 -99999 -99999 -99999 648 578 502 456 394 373 361 341 369 397 371 370 359 301 277 281 264 263 329 370 397 392 355 346 384 403 415 425 463 435 456 491 508 554 532 544 584 564 560 561 572 576 516 553 654 704 795 833 671 601 669
-99999 -99999 -99999 -99999 -99999 -99999 -99999 -99999 -99999 -99999 -99999 -99999 -99999 -99999 -99999 -99999 -99999 -99999 -99999 -99999 -99999 -99999 -99999 -99999 -99999 -99999 -99999 -99999 -99999 557 592 541 504 474 454 431 418 428 381 356 339 322 268 257 251 248 299 300 301 306 331 303 326 340 367 377 400 438 415 427 471 537 526 533 545 523 538 559 576 623 632 594 550 489 508 557 561 532 595 610
-99999 -99999 -99999 -99999 -99999 -99999 -99999 -99999 -99999 -99999 -99999 -99999 -99999 -99999 -99999 -99999 -99999 -99999 -99999 -99999 -99999 -99999 -99999 -99999 -99999 -99999 -99999 -99999 -99999 -99999 567 504 465 432 380 394 379 390 385 362 332 286 245 244 272 344 374 367 381 377 348 351 390 378 383 394 357 355 351 395 454 478 477 493 523 511 535 563 620 644 677 686 717 538 509 509 530 522 567 567
-99999 -99999 -99999 -99999 -99999 -99999 -99999 -99999 -99999 -99999 -99999 -99999 -99999 -99999 -99999 -99999 -99999 -99999 -99999 -99999 -99999 -99999 -99999 -99999 -99999 -99999 -99999 -99999 -99999 346 539 455 400 376 360 346 322 351 360 343 322 268 250 324 370 407 418 431 443 418 395 383 413 459 494 473 441 426 356 363 379 397 408 423 438 477 547 615 642 662 695 748 801 763 562 505 501 539 587 589
-99999 -99999 -99999 -99999 -99999 -99999 -99999 -99999 -99999 -99999 -99999 -99999 -99999 -99999 -99999 -99999 -99999 -99999 -99999 -99999 -99999 -99999 -99999 -99999 -99999 -99999 -99999 -99999 -99999 -99999 489 463 463 434 410 377 343 312 311 315 299 251 250 317 336 352 370 376 397 456 462 444 467 487 533 535 486 430 379 433 463 409 438 488 471 510 593 607 661 713 759 799 825 813 587 533 547 522 543 568
-99999 -99999 -99999 -99999 -99999 -99999 -99999 -99999 -99999 -99999 -99999 -99999 -99999 -99999 -99999 -99999 -99999 -99999 -99999 -99999 -99999 -99999 -99999 -99999 -99999 -99999 -99999 -99999 -99999 -99999 494 471 461 389 397 388 389 368 349 325 275 235 264 279 280 290 295 310 348 401 497 505 438 559 611 635 583 476 429 480 547 493 512 534 570 593 655 701 602 593 602 621 625 652 645 612 594 566 562 557
-99999 -99999 -99999 -99999 -99999 -99999 -99999 -99999 -99999 -99999 -99999 -99999 -99999 -99999 -99999 -99999 -99999 -99999 -99999 -99999 -99999 -99999 -99999 -99999 -99999 -99999 -99999 -99999 -99999 -99999 455 397 408 367 352 373 364 350 328 307 246 293 341 347 339 360 386 373 350 322 432 492 506 543 605 726 581 468 487 616 608 578 548 488 587 538 502 623 627 635 623 619 619 662 675 678 620 571 611 605
-99999 -99999 -99999 -99999 -99999 -99999 -99999 -99999 -99999 -99999 -99999 -99999 -99999 -99999 -99999 -99999 -99999 -99999 -99999 -99999 -99999 -99999 -99999 -99999 -99999 -99999 -99999 -99999 -99999 -99999 407 374 405 368 357 325 345 355 333 285 253 356 354 393 364 388 420 438 436 338 327 373 423 570 700 729 605 563 557 708 789 533 550 499 626 603 528 556 632 632 677 667 625 646 669 678 640 595 629 745
-99999 -99999 -99999 -99999 -99999 -99999 -99999 -99999 -99999 -99999 -99999 -99999 -99999 -99999 -99999 -99999 -99999 -99999 -99999 -99999 -99999 -99999 -99999 -99999 -99999 -99999 -99999 -99999 -99999 -99999 -99999 383 362 344 331 316 309 309 317 256 285 352 368 366 407 415 466 481 498 495 365 340 398 516 548 610 765 748 671 901 890 561 601 571 580 645 546 559 623 638 692 681 647 642 675 690 689 667 766 939
